0	{ability:0.14977268057177892,accept:0.13699285591400007,abstract:0.11477146974573925,aaa:0.10572229541813585,abu:0.09769795625527646,acceptable:0.09712163329413218,acad:0.0877068218922972,absolute:0.07718018817547237,able:0.0674820910046659,absence:0.06555200772850202}
1	{absence:0.12823815961505822,able:0.12456678713104966,abstract:0.11355488164728121,accept:0.11245101929333214,absolute:0.11013401743568217,ability:0.10653950124282116,acad:0.10315326130618449,abu:0.08702592127109882,acceptable:0.06152003290855089,aaa:0.05281641814894106}
2	{abu:0.19915279574782357,abstract:0.12170942208686594,accept:0.11863404653858557,acad:0.11449222380357392,able:0.10972290391079186,aaa:0.10187175176785515,absence:0.08287978142431165,ability:0.05507692677518636,absolute:0.05426385850667555,acceptable:0.04219628943833041}
3	{acceptable:0.1402093575770706,abu:0.13211854053683117,accept:0.11115395809730252,aaa:0.10052604478403791,acad:0.0996477085287468,absence:0.09803341331595866,able:0.0931997100723086,ability:0.08230816180289238,abstract:0.07750084362227312,absolute:0.06530226166257828}
4	{abstract:0.18571751209614848,accept:0.17670412222143755,acceptable:0.1216140344635374,absence:0.12032274706280154,abu:0.08945228655443635,ability:0.08682228304380209,able:0.08645734668561629,acad:0.06773237600177978,absolute:0.033883543805451985,aaa:0.031293748064988434}
5	{able:0.18554578183225773,acad:0.13826225045185503,absence:0.1260748415724086,acceptable:0.10597312656976442,accept:0.10289004477158462,abu:0.07940840421331789,aaa:0.07581374572279624,abstract:0.0740525920388659,ability:0.06748747342611744,absolute:0.044491739401032106}
6	{ability:0.17315338270337138,absence:0.15574472659943664,able:0.15492151876302282,acad:0.1346657997993845,acceptable:0.09024950322627512,absolute:0.06371586887246271,accept:0.060666017917082815,aaa:0.05996441435801673,abu:0.057883599800485526,abstract:0.04903516796046192}
7	{absence:0.24622399849567314,abstract:0.12668738445438624,acceptable:0.11543794128258945,ability:0.09889866545518351,acad:0.09845109408224197,able:0.07405450532105431,aaa:0.06386448349516902,accept:0.06326063912473989,absolute:0.057812220052342295,abu:0.055309068236620164}
8	{acceptable:0.18014883126894166,abstract:0.1385990544657134,able:0.11210529577463789,ability:0.10947153916060379,accept:0.10697182355815428,acad:0.10611691675060285,absolute:0.09108303579357298,abu:0.06772602740413027,absence:0.06516854161124463,aaa:0.022608934212398308}
9	{acad:0.15424459272291666,able:0.1410074044271899,absolute:0.11625233625137042,acceptable:0.09604266815305733,abu:0.0951656004836994,aaa:0.09205745257237992,abstract:0.09123169074862987,ability:0.07718109126876276,absence:0.07468942282690864,accept:0.06212774054508514}
10	{acad:0.14006140262686095,abstract:0.12837626604225802,able:0.12345139024323219,absence:0.11182093598713043,acceptable:0.11167766376977116,abu:0.10771286058618403,absolute:0.08675301655753932,accept:0.07910219299670662,ability:0.06035308209721827,aaa:0.05069118909309914}
11	{aaa:0.1848017999054598,abu:0.15465814415776166,absence:0.12722836045324232,abstract:0.12619186396594884,able:0.10475344506509549,acceptable:0.09768265314477866,accept:0.07137710955722897,acad:0.06112247386043617,ability:0.04343123216427293,absolute:0.02875291772577525}
12	{acceptable:0.18328001715408265,absence:0.12747018110045294,acad:0.1262920263827607,able:0.09948874701951621,absolute:0.09792855784160431,abstract:0.09304934374705816,abu:0.07803605048801378,ability:0.07291106256534853,aaa:0.061615185056336,accept:0.05992882864482667}
13	{absence:0.12561025172626553,abstract:0.1224976699988584,acceptable:0.11525795076751133,acad:0.11386095842547313,accept:0.10599878468789056,absolute:0.09153252287909021,aaa:0.09090478091740431,abu:0.08525563854634273,able:0.08283896112253697,ability:0.06624248092862683}
14	{absence:0.16178493131093022,abstract:0.16113628361722876,able:0.13040711655145396,acceptable:0.12539052357662947,acad:0.09668528985330567,abu:0.08574209115117401,accept:0.07614408495799542,aaa:0.0555569793955759,ability:0.05500928728244828,absolute:0.052143412303258446}
